3,2
3,1
3,3
10,253
10,305
10,229
10,261
10,111
10,139
10,87
10,203
11,7
11,23
9,5
8,18
8,15
8,9
8,14
8,10
54,4
54,3
54,2
54,1
54,0
53,3
53,2
53,1
53,0
52,3
52,2
52,1
52,0
51,5
51,4
51,3
51,2
51,1
51,0
50,4
50,3
50,2
50,1
50,0
48,5
48,4
48,3
48,2
48,1
48,0
45,5
45,4
45,3
45,2
45,1
45,0
43,5
43,4
43,3
43,2
43,1
41,3
41,1
39,3
39,1
34,5
34,3
34,1
31,3
31,1
20,3
20,2
20,1
19,3
19,2
19,1
17,3
17,2
17,1
16,3
16,2
16,1
15,3
15,2
15,1
14,2
13,2
12,3
12,2
12,1
11,29
11,27
11,25
11,24
11,22
11,21
11,20
11,19
11,18
18,1
11,17
18,3
11,16
11,14
11,13
11,12
11,11
11,10
14,1
11,9
14,3
11,1
